0 10.42 16
1 10.67 16
2 11.36 16
3 11.39 16
4 11.97 16
5 12.06 16
6 12.26 16
7 12.9 16
8 13.02 16
9 13.27 16
10 13.54 16
11 13.75 16
12 13.94 16
13 13.9 16
14 14.45 16
15 14.63 16
16 14.75 16
17 15.1 17
18 15.15 17
19 15.58 17
20 15.96 17
21 15.98 17
22 15.96 17
23 16.02 17
24 16.02 17
25 16.01 17
26 16.0 17
27 16.03 17
28 16.0 17
29 15.98 17
30 15.98 17
31 15.98 17
32 15.95 17
33 15.89 17
34 15.94 17
35 15.96 17
36 15.91 17
37 15.89 17
38 15.89 17
39 15.91 17
40 15.91 17
41 15.99 17
42 16.02 17
43 16.04 17
44 16.0 17
45 15.96 17
46 15.9 17
47 15.97 17
48 15.96 17
49 15.98 17
