0 10.44 16
1 10.73 16
2 11.19 16
3 11.21 16
4 11.29 16
5 11.47 16
6 11.75 16
7 11.6 16
8 11.63 16
9 11.72 16
10 11.77 16
11 11.82 16
12 11.99 16
13 12.12 16
14 12.32 16
15 12.64 16
16 12.82 16
17 13.09 16
18 13.41 16
19 13.52 16
20 13.67 16
21 13.68 16
22 13.63 16
23 13.6 16
24 13.62 16
25 13.69 16
26 13.75 16
27 13.95 16
28 13.96 16
29 14.19 16
30 14.25 17
31 14.57 17
32 14.65 17
33 14.87 17
34 14.98 17
35 15.03 17
36 15.09 17
37 15.25 17
38 15.3 17
39 15.45 18
40 15.73 18
41 15.65 17
42 15.53 17
43 15.5 17
44 15.78 17
45 15.87 17
46 15.86 17
47 15.86 17
48 15.92 17
49 15.95 17
