0 10.31 15
1 10.72 14
2 11.26 14
3 11.41 14
4 11.37 14
5 11.54 13
6 11.91 13
7 11.93 13
8 12.27 13
9 12.29 14
10 12.45 14
11 12.44 14
12 12.54 14
13 12.48 14
14 12.49 14
15 12.69 14
16 12.77 14
17 12.88 14
18 12.71 14
19 12.75 14
20 12.75 14
21 12.73 14
22 12.86 14
23 12.85 14
24 12.84 14
25 12.96 14
26 13.03 14
27 13.11 15
28 13.23 15
29 13.27 15
30 13.33 15
31 13.23 15
32 13.33 15
33 13.42 15
34 13.31 15
35 13.47 15
36 13.52 15
37 13.77 15
38 13.89 15
39 14.0 15
40 14.15 15
41 14.21 16
42 14.13 15
43 14.09 15
44 14.09 15
45 14.16 15
46 14.24 15
47 14.37 16
48 14.42 16
49 14.5 16
