0 11.15 15
1 11.54 15
2 11.88 15
3 12.46 15
4 12.78 15
5 13.1 16
6 13.43 16
7 13.71 15
8 13.78 15
9 13.89 16
10 14.37 16
11 14.56 16
12 14.5 16
13 14.69 16
14 14.79 16
15 14.86 16
16 14.87 16
17 14.84 16
18 14.74 16
19 14.92 16
20 14.84 16
21 14.88 16
22 14.89 16
23 15.07 16
24 15.09 16
25 15.11 16
26 15.11 16
27 15.04 16
28 15.04 16
29 15.0 16
30 15.02 16
31 15.02 16
32 14.99 16
33 15.0 16
34 15.05 16
35 15.09 16
36 15.12 16
37 15.05 16
38 15.11 16
39 15.04 16
40 15.09 16
41 15.1 16
42 15.11 16
43 15.14 16
44 15.16 16
45 15.17 16
46 15.24 16
47 15.25 16
48 15.21 18
49 15.17 16
