0 10.92 16
1 11.46 16
2 12.15 16
3 12.21 16
4 12.5 16
5 13.01 16
6 13.03 16
7 13.32 16
8 13.46 16
9 13.8 16
10 13.64 16
11 14.01 16
12 14.12 16
13 14.46 16
14 14.64 16
15 14.75 16
16 14.85 16
17 14.82 16
18 15.08 16
19 15.1 17
20 15.41 17
21 15.61 16
22 15.62 17
23 15.75 17
24 15.79 17
25 15.86 17
26 15.69 17
27 15.72 17
28 15.64 16
29 15.77 16
30 15.81 16
31 15.83 16
32 15.83 17
33 15.73 17
34 15.72 17
35 15.76 17
36 15.68 17
37 15.67 17
38 15.68 17
39 15.76 17
40 15.6 17
41 15.56 17
42 15.62 17
43 15.71 17
44 15.8 17
45 15.74 17
46 15.72 17
47 15.75 17
48 15.78 17
49 15.72 17
