0 10.68 15
1 10.9 15
2 11.28 15
3 11.76 16
4 12.17 16
5 12.43 16
6 12.6 16
7 12.79 15
8 13.11 15
9 13.2 15
10 13.35 15
11 13.51 15
12 13.66 15
13 13.83 15
14 14.1 15
15 14.24 15
16 14.2 15
17 14.39 15
18 14.36 15
19 14.39 15
20 14.47 15
21 14.45 15
22 14.55 15
23 14.48 15
24 14.67 15
25 14.69 15
26 14.71 15
27 14.64 15
28 14.67 16
29 14.67 16
30 14.7 16
31 14.64 16
32 14.54 16
33 14.54 16
34 14.66 16
35 14.6 16
36 14.54 16
37 14.59 16
38 14.55 16
39 14.6 16
40 14.6 16
41 14.62 16
42 14.61 16
43 14.54 16
44 14.57 16
45 14.66 17
46 14.58 17
47 14.57 17
48 14.58 17
49 14.66 17
