0 11.08 15
1 11.06 15
2 11.26 15
3 11.55 15
4 11.67 15
5 12.04 15
6 12.19 15
7 12.4 15
8 12.53 15
9 12.57 15
10 12.74 15
11 12.98 15
12 13.03 15
13 13.2 15
14 13.34 15
15 13.38 15
16 13.55 15
17 13.73 15
18 13.87 16
19 13.71 15
20 13.72 15
21 13.8 15
22 13.79 15
23 13.89 15
24 13.93 15
25 13.91 15
26 14.12 15
27 14.29 15
28 14.31 15
29 14.27 15
30 14.36 15
31 14.4 15
32 14.4 15
33 14.44 15
34 14.51 15
35 14.57 16
36 14.53 16
37 14.55 15
38 14.64 15
39 14.67 15
40 14.66 15
41 14.63 16
42 14.58 16
43 14.63 16
44 14.78 16
45 14.83 16
46 14.87 17
47 14.9 16
48 14.98 16
49 14.96 16
