0 10.57 16
1 10.93 16
2 11.41 16
3 11.65 16
4 11.94 16
5 12.39 16
6 12.57 16
7 12.79 16
8 13.02 16
9 13.11 16
10 13.7 16
11 13.8 16
12 14.0 16
13 14.19 16
14 14.19 17
15 14.46 17
16 14.63 17
17 14.86 17
18 14.89 17
19 14.99 17
20 15.21 17
21 14.95 17
22 15.12 17
23 15.13 16
24 15.09 16
25 15.28 16
26 15.3 17
27 15.18 16
28 15.07 16
29 15.13 16
30 15.43 16
31 15.52 16
32 15.53 16
33 15.53 17
34 15.68 17
35 15.63 17
36 15.72 16
37 15.8 16
38 15.87 17
39 15.9 17
40 15.96 17
41 15.96 17
42 15.99 17
43 15.88 17
44 15.87 17
45 15.95 17
46 15.92 17
47 15.9 17
48 15.88 17
49 15.85 17
