0 9.45 14
1 9.64 14
2 9.75 14
3 9.84 14
4 9.9 13
5 10.14 13
6 10.28 13
7 10.48 13
8 10.69 13
9 10.87 13
10 10.98 13
11 11.07 13
12 11.14 13
13 11.38 14
14 11.34 14
15 11.52 14
16 11.46 14
17 11.52 14
18 11.52 13
19 11.52 13
20 11.5 13
21 11.53 13
22 11.6 13
23 11.56 14
24 11.67 14
25 11.65 14
26 11.59 13
27 11.52 13
28 11.61 13
29 11.61 13
30 11.66 13
31 11.67 13
32 11.68 13
33 11.79 13
34 11.8 13
35 11.84 13
36 11.84 13
37 11.74 13
38 11.82 13
39 11.94 13
40 11.98 13
41 11.9 13
42 11.93 13
43 11.96 13
44 12.01 13
45 12.04 13
46 12.0 13
47 12.01 13
48 12.02 13
49 12.05 13
