0 10.14 15
1 10.75 15
2 10.84 15
3 11.0 15
4 11.37 15
5 11.55 15
6 11.89 15
7 12.32 15
8 12.6 16
9 13.16 16
10 13.34 16
11 13.45 16
12 13.84 16
13 14.24 16
14 14.18 16
15 14.48 16
16 14.51 17
17 14.84 17
18 14.86 17
19 15.09 17
20 15.09 16
21 15.12 16
22 15.19 16
23 15.2 16
24 15.23 16
25 15.32 16
26 15.38 16
27 15.33 16
28 15.4 17
29 15.52 17
30 15.59 17
31 15.67 17
32 15.66 17
33 15.64 17
34 15.75 17
35 15.63 17
36 15.71 17
37 15.76 17
38 15.78 17
39 15.82 17
40 15.82 17
41 15.85 17
42 15.83 17
43 15.87 17
44 15.86 17
45 15.83 17
46 15.9 17
47 15.87 17
48 15.9 17
49 15.88 17
