0 10.77 15
1 11.18 15
2 11.28 15
3 11.58 16
4 11.75 16
5 11.86 15
6 11.88 15
7 12.21 15
8 12.2 15
9 12.44 15
10 12.77 15
11 12.83 15
12 12.99 15
13 13.19 15
14 13.26 15
15 13.26 15
16 13.61 15
17 13.85 15
18 13.89 15
19 14.18 16
20 14.33 16
21 14.52 16
22 14.62 16
23 14.65 16
24 14.64 16
25 14.71 16
26 14.61 16
27 14.6 16
28 14.7 16
29 14.68 16
30 14.67 16
31 14.55 16
32 14.49 16
33 14.58 16
34 14.6 16
35 14.49 16
36 14.45 16
37 14.56 16
38 14.64 16
39 14.66 16
40 14.64 16
41 14.73 16
42 14.8 16
43 14.77 16
44 14.93 16
45 14.94 16
46 14.93 16
47 14.92 16
48 14.9 16
49 14.88 16
