0 10.4 14
1 10.53 14
2 10.83 14
3 11.27 15
4 11.45 14
5 11.46 14
6 11.68 14
7 11.65 14
8 11.76 14
9 11.69 14
10 11.64 14
11 11.72 14
12 11.86 14
13 11.91 14
14 11.99 14
15 12.08 14
16 12.2 14
17 12.24 14
18 12.36 14
19 12.44 14
20 12.57 15
21 12.94 15
22 13.05 15
23 13.02 15
24 13.04 14
25 13.01 14
26 13.19 14
27 13.25 15
28 13.63 15
29 13.7 15
30 13.63 15
31 13.61 15
32 13.63 15
33 13.7 15
34 13.69 15
35 13.75 14
36 13.81 14
37 13.74 15
38 13.87 15
39 13.87 15
40 13.94 15
41 13.96 15
42 13.91 15
43 13.96 15
44 13.98 15
45 13.94 15
46 14.01 15
47 13.96 15
48 14.04 15
49 14.06 16
