0 9.97 14
1 10.25 14
2 10.6 14
3 10.82 14
4 10.98 14
5 11.3 14
6 11.29 14
7 11.32 15
8 11.66 15
9 11.96 15
10 11.94 15
11 12.24 15
12 12.6 16
13 12.72 16
14 12.86 16
15 13.18 16
16 13.34 16
17 13.85 15
18 14.0 15
19 14.03 15
20 14.1 15
21 14.11 15
22 14.23 16
23 14.33 16
24 14.43 16
25 14.45 16
26 14.41 16
27 14.54 16
28 14.67 16
29 14.69 16
30 14.67 16
31 14.79 16
32 14.86 16
33 14.91 16
34 14.93 16
35 14.9 16
36 14.86 16
37 14.87 16
38 14.82 16
39 14.78 16
40 14.87 16
41 14.93 16
42 14.93 16
43 14.87 16
44 14.81 16
45 14.79 17
46 14.85 17
47 14.92 17
48 14.87 17
49 14.92 17
