0 10.33 15
1 10.61 15
2 10.42 15
3 10.77 15
4 11.33 15
5 11.97 15
6 12.61 15
7 12.77 15
8 13.07 15
9 13.33 15
10 13.72 16
11 13.82 15
12 14.11 16
13 14.46 16
14 14.52 16
15 14.58 16
16 14.64 16
17 14.72 16
18 14.71 16
19 14.83 16
20 14.88 16
21 14.91 16
22 14.88 16
23 14.87 16
24 14.93 16
25 15.04 16
26 15.16 16
27 15.1 16
28 15.12 16
29 15.07 16
30 15.05 16
31 15.04 16
32 14.99 16
33 14.91 16
34 14.95 16
35 15.05 16
36 14.97 16
37 15.04 16
38 15.02 16
39 15.02 16
40 15.03 16
41 15.0 16
42 15.02 16
43 15.12 16
44 15.14 16
45 15.17 16
46 15.16 16
47 15.21 16
48 15.19 16
49 15.2 17
