0 10.45 15
1 10.93 15
2 11.1 15
3 11.47 15
4 11.98 15
5 12.31 15
6 12.48 15
7 13.1 15
8 13.1 15
9 13.41 15
10 13.53 15
11 13.51 15
12 13.54 15
13 13.58 15
14 13.73 15
15 13.84 15
16 13.92 15
17 14.07 15
18 14.13 15
19 14.21 15
20 14.23 16
21 14.29 16
22 14.34 16
23 14.3 16
24 14.29 16
25 14.32 16
26 14.33 16
27 14.48 16
28 14.49 16
29 14.59 16
30 14.52 16
31 14.59 16
32 14.54 16
33 14.54 16
34 14.53 16
35 14.58 16
36 14.64 16
37 14.79 16
38 14.79 16
39 14.86 17
40 14.93 17
41 14.98 17
42 15.01 17
43 15.11 17
44 15.19 17
45 15.34 17
46 15.53 18
47 15.64 17
48 15.65 17
49 15.84 17
