0 11.31 16
1 12.24 16
2 13.09 16
3 13.14 16
4 13.4 16
5 13.55 16
6 13.82 16
7 14.12 16
8 14.25 16
9 14.34 16
10 14.44 16
11 14.65 16
12 14.71 16
13 14.86 16
14 14.99 16
15 15.17 16
16 15.16 16
17 15.08 16
18 15.13 16
19 15.19 17
20 15.11 16
21 15.19 17
22 15.19 17
23 15.06 16
24 15.12 16
25 15.17 16
26 15.16 16
27 15.11 16
28 15.24 17
29 15.52 17
30 15.55 17
31 15.54 17
32 15.67 17
33 15.85 17
34 15.88 17
35 15.91 17
36 15.95 17
37 15.96 17
38 15.94 17
39 15.9 17
40 15.82 17
41 16.0 17
42 16.09 17
43 16.12 17
44 16.2 17
45 16.07 17
46 16.13 17
47 16.22 17
48 16.27 17
49 16.33 17
