0 10.01 14
1 10.92 14
2 11.45 14
3 11.89 14
4 12.03 14
5 12.17 14
6 12.32 14
7 12.44 14
8 12.42 14
9 12.61 14
10 12.79 14
11 12.81 14
12 12.78 14
13 12.81 14
14 12.82 15
15 12.9 15
16 12.96 15
17 13.13 15
18 13.07 15
19 13.3 15
20 13.19 15
21 13.16 15
22 13.15 16
23 13.23 14
24 13.18 14
25 13.24 14
26 13.21 14
27 13.23 14
28 13.23 14
29 13.35 14
30 13.45 14
31 13.42 14
32 13.41 14
33 13.42 15
34 13.57 15
35 13.69 15
36 13.73 15
37 13.76 15
38 13.76 15
39 13.64 15
40 13.77 15
41 13.74 15
42 13.83 15
43 13.81 15
44 13.83 15
45 13.86 15
46 13.87 15
47 13.89 15
48 13.87 14
49 13.89 14
