0 10.31 16
1 10.6 16
2 11.45 16
3 12.17 16
4 12.61 16
5 13.56 16
6 13.51 16
7 13.89 16
8 14.41 16
9 14.52 16
10 14.9 16
11 14.97 16
12 15.1 16
13 15.09 16
14 15.11 16
15 15.19 16
16 15.35 17
17 15.35 17
18 15.38 16
19 15.36 16
20 15.27 16
21 15.35 16
22 15.35 16
23 15.22 16
24 15.23 16
25 15.32 16
26 15.42 17
27 15.53 17
28 15.58 16
29 15.65 16
30 15.63 16
31 15.65 16
32 15.68 17
33 15.62 16
34 15.65 16
35 15.67 16
36 15.77 16
37 15.72 16
38 15.72 16
39 15.75 16
40 15.7 16
41 15.69 16
42 15.72 16
43 15.69 16
44 15.64 16
45 15.72 17
46 15.77 17
47 15.75 16
48 15.84 16
49 15.86 16
