0 10.63 15
1 10.88 15
2 11.39 15
3 11.83 15
4 12.52 15
5 12.91 15
6 13.04 15
7 13.21 15
8 13.37 15
9 13.63 16
10 13.6 16
11 13.83 15
12 13.7 15
13 13.8 15
14 13.83 15
15 13.8 15
16 13.84 15
17 13.86 15
18 13.94 15
19 14.13 15
20 14.39 15
21 14.35 16
22 14.46 15
23 14.51 15
24 14.65 15
25 14.67 15
26 14.71 15
27 14.66 16
28 14.72 16
29 14.75 16
30 14.74 16
31 14.79 16
32 14.69 16
33 14.74 16
34 14.74 16
35 14.84 16
36 14.91 16
37 14.94 16
38 14.91 16
39 14.87 16
40 14.87 16
41 14.97 16
42 14.94 16
43 14.91 16
44 14.89 16
45 14.87 16
46 14.86 16
47 14.77 16
48 14.74 16
49 14.73 16
