0 10.91 14
1 11.32 14
2 11.87 14
3 11.98 14
4 12.31 14
5 12.43 14
6 12.69 14
7 12.71 14
8 12.94 14
9 13.09 14
10 13.05 14
11 12.9 14
12 13.04 14
13 13.01 14
14 13.02 14
15 13.02 14
16 13.17 14
17 13.24 14
18 13.33 15
19 13.43 14
20 13.49 15
21 13.54 15
22 13.51 15
23 13.52 15
24 13.44 14
25 13.44 15
26 13.54 15
27 13.45 15
28 13.37 15
29 13.48 15
30 13.5 15
31 13.59 15
32 13.61 15
33 13.7 15
34 13.68 15
35 13.74 15
36 13.7 15
37 13.69 15
38 13.68 16
39 13.72 16
40 13.71 16
41 13.8 16
42 13.82 15
43 14.06 15
44 14.18 15
45 14.17 15
46 14.33 16
47 14.33 16
48 14.36 16
49 14.49 16
