0 10.63 15
1 11.2 15
2 11.78 15
3 11.97 15
4 12.56 15
5 12.72 15
6 13.19 16
7 13.59 16
8 13.83 16
9 14.3 16
10 14.37 16
11 14.49 16
12 14.62 16
13 14.7 17
14 14.71 17
15 14.77 17
16 14.74 17
17 14.81 17
18 14.75 17
19 14.79 17
20 14.65 17
21 14.66 17
22 14.77 17
23 14.9 17
24 14.88 17
25 14.99 17
26 14.88 17
27 14.98 17
28 15.01 17
29 15.32 17
30 15.59 17
31 15.53 17
32 15.61 17
33 15.37 17
34 15.52 17
35 15.42 17
36 15.69 17
37 15.79 17
38 16.03 17
39 16.18 17
40 16.22 17
41 16.31 17
42 16.52 17
43 16.69 17
44 16.71 17
45 16.75 17
46 16.74 18
47 16.75 18
48 16.77 18
49 16.81 18
