0 10.14 15
1 10.43 15
2 10.9 15
3 11.27 15
4 11.69 15
5 12.22 15
6 12.52 15
7 13.03 15
8 13.51 15
9 13.88 15
10 13.85 15
11 14.13 16
12 14.36 16
13 14.41 16
14 14.31 16
15 14.43 16
16 14.51 16
17 14.51 16
18 14.72 16
19 14.81 16
20 14.88 16
21 14.75 16
22 14.78 16
23 14.78 16
24 14.75 16
25 14.75 16
26 14.81 16
27 15.03 16
28 15.01 16
29 15.04 16
30 15.02 17
31 15.03 16
32 14.99 16
33 15.15 17
34 14.98 17
35 15.1 17
36 15.2 17
37 15.09 17
38 15.17 17
39 15.13 17
40 15.42 17
41 15.56 17
42 15.62 17
43 15.61 17
44 15.69 17
45 15.84 17
46 15.82 17
47 15.99 18
48 16.04 18
49 15.97 18
