0 10.68 14
1 10.86 14
2 11.21 14
3 11.52 14
4 11.94 14
5 12.5 14
6 12.66 14
7 12.9 14
8 12.93 14
9 13.09 14
10 13.09 14
11 12.99 14
12 12.87 14
13 13.01 14
14 13.08 14
15 13.16 14
16 13.23 14
17 13.2 14
18 13.28 14
19 13.22 14
20 13.33 14
21 13.32 14
22 13.32 14
23 13.26 14
24 13.3 14
25 13.27 14
26 13.28 14
27 13.31 14
28 13.33 15
29 13.34 15
30 13.42 15
31 13.41 15
32 13.4 15
33 13.31 15
34 13.4 15
35 13.37 15
36 13.47 15
37 13.6 15
38 13.75 15
39 13.79 15
40 13.91 15
41 14.07 15
42 14.18 15
43 14.25 15
44 14.23 15
45 14.18 15
46 14.09 15
47 14.06 15
48 14.18 15
49 14.31 15
