0 10.7 16
1 11.28 16
2 11.72 16
3 11.88 16
4 12.2 16
5 12.61 16
6 12.91 16
7 13.13 16
8 13.53 16
9 13.93 16
10 13.93 16
11 13.93 16
12 14.09 16
13 14.1 16
14 14.25 16
15 14.28 16
16 14.27 16
17 14.51 16
18 14.49 16
19 14.51 17
20 14.55 16
21 14.42 16
22 14.4 16
23 14.42 16
24 14.42 16
25 14.41 16
26 14.5 16
27 14.4 16
28 14.3 16
29 14.4 16
30 14.54 16
31 14.57 16
32 14.48 16
33 14.75 16
34 14.88 16
35 14.89 16
36 14.87 16
37 14.88 16
38 14.87 16
39 14.95 16
40 14.96 16
41 14.98 16
42 14.98 16
43 15.06 17
44 15.08 17
45 15.0 16
46 15.03 16
47 15.0 16
48 15.09 16
49 14.95 16
