0 10.61 14
1 10.91 14
2 11.51 14
3 11.99 14
4 12.29 14
5 12.73 14
6 13.06 14
7 13.24 15
8 13.26 15
9 13.29 15
10 13.45 15
11 13.38 15
12 13.73 15
13 13.77 16
14 13.81 16
15 13.79 16
16 13.79 16
17 13.79 16
18 13.88 16
19 13.85 16
20 13.81 16
21 13.78 16
22 13.79 16
23 13.8 16
24 13.79 16
25 13.83 16
26 13.68 16
27 13.78 16
28 13.8 16
29 13.83 16
30 13.96 16
31 14.21 16
32 14.32 16
33 14.39 16
34 14.58 16
35 14.85 17
36 14.86 17
37 15.13 17
38 15.32 17
39 15.37 17
40 15.49 17
41 15.57 17
42 15.54 16
43 15.52 16
44 15.63 16
45 15.63 16
46 15.52 16
47 15.58 17
48 15.64 17
49 15.58 17
