0 10.53 18
1 10.75 18
2 11.42 18
3 11.66 18
4 11.51 14
5 11.8 14
6 11.99 14
7 12.19 15
8 12.4 15
9 12.66 15
10 12.67 14
11 12.74 14
12 12.58 14
13 12.63 14
14 12.53 14
15 12.52 14
16 12.6 15
17 12.64 15
18 12.56 15
19 12.64 15
20 12.71 15
21 12.9 15
22 13.1 15
23 13.21 15
24 13.44 15
25 13.51 15
26 13.69 15
27 13.9 15
28 13.96 15
29 14.04 15
30 14.12 15
31 14.29 15
32 14.29 15
33 14.12 15
34 14.13 15
35 14.2 15
36 14.18 15
37 14.16 15
38 14.29 16
39 14.33 16
40 14.47 15
41 14.41 15
42 14.43 15
43 14.42 15
44 14.45 15
45 14.53 15
46 14.63 15
47 14.68 15
48 14.72 16
49 14.63 16
