0 10.28 14
1 10.64 13
2 11.05 14
3 11.16 14
4 11.54 14
5 11.84 14
6 11.72 14
7 11.84 14
8 11.82 14
9 11.88 14
10 11.9 14
11 11.89 13
12 11.97 13
13 12.0 13
14 11.99 13
15 11.99 13
16 12.0 13
17 12.12 14
18 12.16 13
19 12.18 14
20 12.27 13
21 12.33 13
22 12.41 13
23 12.5 13
24 12.45 13
25 12.44 14
26 12.48 14
27 12.63 14
28 12.65 13
29 12.75 13
30 12.78 13
31 12.77 13
32 12.77 13
33 12.79 13
34 12.81 14
35 12.78 14
36 12.74 14
37 12.74 14
38 12.79 14
39 12.82 14
40 12.86 14
41 12.83 14
42 12.81 13
43 12.81 14
44 12.82 14
45 12.75 14
46 12.83 14
47 12.88 14
48 12.84 14
49 12.92 14
