0 10.74 16
1 11.36 16
2 11.92 16
3 12.19 17
4 12.47 16
5 12.78 18
6 12.89 16
7 12.99 18
8 12.92 17
9 13.49 17
10 13.78 17
11 14.05 18
12 13.94 18
13 14.37 18
14 14.7 18
15 15.16 18
16 15.33 18
17 15.41 18
18 15.53 19
19 15.74 19
20 15.9 19
21 16.05 18
22 16.11 19
23 16.19 19
24 16.13 19
25 15.92 19
26 16.24 19
27 16.46 19
28 16.74 19
29 16.77 19
30 16.87 19
31 16.82 19
32 16.79 19
33 16.78 19
34 16.72 19
35 16.76 19
36 16.82 19
37 16.65 19
38 16.68 19
39 16.78 19
40 17.0 19
41 17.21 19
42 17.17 19
43 17.11 19
44 17.16 19
45 17.13 19
46 17.09 19
47 17.24 19
48 17.14 19
49 17.24 19
