0 10.81 17
1 11.31 17
2 12.46 17
3 12.85 17
4 13.74 17
5 14.22 17
6 14.55 17
7 14.92 17
8 15.13 17
9 14.92 17
10 15.46 17
11 15.52 17
12 15.31 17
13 15.18 17
14 15.19 17
15 15.57 18
16 15.83 18
17 16.19 18
18 16.3 18
19 16.36 18
20 16.41 18
21 16.42 18
22 16.53 18
23 16.56 18
24 16.52 18
25 16.45 18
26 16.45 18
27 16.5 18
28 16.49 17
29 16.48 17
30 16.48 18
31 16.6 18
32 16.56 18
33 16.57 18
34 16.63 18
35 16.71 18
36 16.72 18
37 16.76 18
38 16.82 18
39 16.83 18
40 16.88 18
41 16.88 18
42 16.82 18
43 16.87 18
44 16.9 18
45 16.86 18
46 16.74 18
47 16.76 18
48 16.77 18
49 16.81 18
