0 9.77 15
1 10.19 15
2 10.52 14
3 10.89 16
4 10.88 15
5 11.49 15
6 11.84 16
7 12.07 15
8 12.15 15
9 12.37 15
10 12.36 15
11 12.55 17
12 12.71 17
13 12.79 17
14 12.86 17
15 13.05 16
16 13.09 17
17 13.24 17
18 13.36 17
19 13.51 17
20 13.86 18
21 14.08 17
22 14.34 18
23 14.56 18
24 14.87 18
25 15.05 18
26 15.21 18
27 15.26 18
28 15.25 18
29 15.25 19
30 15.42 19
31 15.63 18
32 15.73 18
33 16.11 18
34 16.3 19
35 16.36 19
36 16.6 19
37 16.93 19
38 16.88 19
39 17.01 19
40 16.83 19
41 16.71 19
42 16.76 19
43 17.06 19
44 17.12 19
45 17.2 19
46 17.26 19
47 17.52 19
48 17.5 20
