0 10.45 16
1 11.07 16
2 11.68 16
3 12.09 16
4 12.73 16
5 13.41 16
6 13.75 16
7 13.61 17
8 13.99 17
9 14.41 17
10 14.93 17
11 15.09 17
12 15.07 17
13 15.22 17
14 15.33 17
15 15.12 17
16 15.13 17
17 14.98 17
18 14.94 17
19 15.21 17
20 15.43 17
21 15.61 17
22 15.68 17
23 15.73 17
24 15.68 17
25 15.69 17
26 15.72 17
27 15.88 17
28 15.99 17
29 15.93 17
30 15.95 17
31 16.0 17
32 15.97 17
33 15.99 17
34 16.08 17
35 16.08 17
36 16.12 17
37 16.02 17
38 16.09 17
39 16.11 17
40 16.13 17
41 16.15 17
42 16.14 17
43 16.08 17
44 16.14 17
45 16.12 17
46 16.14 17
47 16.24 17
48 16.23 17
49 16.22 17
