0 11.06 16
1 11.47 16
2 11.73 16
3 11.81 16
4 11.97 16
5 12.02 16
6 12.21 16
7 12.52 16
8 12.47 16
9 12.46 14
10 12.48 14
11 12.59 14
12 12.62 14
13 12.72 14
14 12.69 14
15 12.9 14
16 12.85 14
17 12.86 14
18 12.86 15
19 12.94 15
20 13.04 14
21 13.0 14
22 13.15 14
23 13.28 14
24 13.4 14
25 13.46 14
26 13.36 14
27 13.56 15
28 13.62 15
29 13.62 15
30 13.76 15
31 13.74 15
32 13.88 15
33 13.89 15
34 13.96 15
35 13.97 15
36 14.14 15
37 14.26 16
38 14.34 16
39 14.31 16
40 14.33 16
41 14.37 16
42 14.4 16
43 14.38 16
44 14.41 16
45 14.43 16
46 14.5 16
47 14.58 16
48 14.43 16
49 14.43 16
