0 10.45 16
1 10.81 16
2 11.67 16
3 12.11 16
4 12.48 16
5 12.64 16
6 12.51 16
7 12.97 16
8 13.34 16
9 13.81 16
10 13.91 16
11 13.96 16
12 13.96 16
13 14.02 16
14 14.27 16
15 14.31 17
16 14.43 17
17 14.75 17
18 14.81 17
19 15.05 17
20 15.11 18
21 15.22 17
22 15.22 17
23 15.17 17
24 15.09 17
25 15.27 17
26 15.35 18
27 15.59 18
28 15.61 18
29 15.63 17
30 15.67 17
31 15.74 17
32 15.69 17
33 15.91 18
34 15.98 17
35 15.94 17
36 15.91 17
37 15.94 17
38 16.07 17
39 16.08 17
40 16.16 17
41 16.2 17
42 16.24 17
43 16.35 17
44 16.62 18
45 16.54 18
46 16.54 18
47 16.5 18
48 16.54 18
49 16.56 18
