0 10.55 15
1 10.94 15
2 11.51 15
3 12.02 15
4 12.08 15
5 12.49 15
6 12.95 15
7 12.93 15
8 12.95 15
9 13.13 14
10 13.19 15
11 13.2 14
12 13.47 14
13 13.48 14
14 13.53 15
15 13.59 15
16 13.62 15
17 13.67 15
18 13.65 15
19 13.57 15
20 13.7 15
21 13.68 15
22 13.76 15
23 13.77 15
24 13.87 15
25 13.87 15
26 13.94 15
27 14.15 15
28 14.35 15
29 14.26 15
30 14.42 15
31 14.38 15
32 14.41 16
33 14.36 16
34 14.44 16
35 14.52 16
36 14.56 16
37 14.49 16
38 14.5 16
39 14.58 16
40 14.66 16
41 14.62 16
42 14.65 16
43 14.6 16
44 14.65 16
45 14.67 17
46 14.76 17
47 14.77 17
48 14.74 16
49 14.67 16
