0 9.97 16
1 10.69 16
2 12.31 16
3 12.78 16
4 13.46 16
5 13.71 16
6 14.27 16
7 14.63 16
8 14.9 16
9 15.16 16
10 15.29 16
11 15.23 16
12 15.26 17
13 15.37 17
14 15.27 17
15 15.4 17
16 15.35 17
17 15.24 17
18 15.32 17
19 15.33 17
20 15.34 17
21 15.39 17
22 15.36 17
23 15.52 17
24 15.65 17
25 15.59 18
26 15.69 18
27 15.6 18
28 15.7 18
29 15.76 18
30 15.89 18
31 15.92 18
32 15.84 18
33 15.87 18
34 15.98 18
35 16.11 18
36 16.33 18
37 16.49 18
38 16.53 18
39 16.73 18
40 16.65 18
41 16.73 18
42 16.79 18
43 17.06 18
44 17.1 18
45 17.25 18
46 17.27 18
47 17.26 18
48 17.24 18
49 17.3 18
