0 10.37 15
1 10.48 15
2 10.91 15
3 11.08 15
4 11.43 15
5 11.71 15
6 11.89 15
7 12.02 15
8 12.49 15
9 12.92 15
10 13.12 15
11 13.4 15
12 13.25 16
13 13.24 15
14 13.44 15
15 13.63 15
16 13.9 15
17 14.01 16
18 14.24 16
19 14.17 15
20 14.29 15
21 14.37 16
22 14.36 16
23 14.41 16
24 14.49 16
25 14.53 16
26 14.51 16
27 14.53 16
28 14.56 16
29 14.61 16
30 14.75 16
31 14.79 16
32 14.85 16
33 14.9 16
34 14.91 16
35 14.89 16
36 14.98 16
37 14.99 16
38 14.9 16
39 14.95 16
40 14.98 16
41 15.07 16
42 15.0 16
43 15.05 17
44 15.0 16
45 15.04 16
46 15.05 16
47 14.99 16
48 14.98 16
49 14.95 16
