0 11.2 15
1 11.76 15
2 11.92 15
3 12.03 15
4 12.11 15
5 12.37 15
6 12.4 15
7 12.55 15
8 12.63 15
9 12.89 15
10 12.91 15
11 12.88 15
12 12.96 15
13 13.15 15
14 13.19 15
15 13.37 15
16 13.59 15
17 13.6 15
18 13.63 15
19 13.62 16
20 13.64 16
21 13.49 16
22 13.71 16
23 13.74 16
24 13.67 16
25 13.65 16
26 13.59 16
27 13.73 16
28 13.84 16
29 14.21 16
30 14.2 16
31 14.42 16
32 14.21 16
33 14.35 16
34 14.42 16
35 14.61 16
36 14.65 16
37 14.59 16
38 14.67 16
39 14.62 16
40 14.65 16
41 14.69 16
42 14.87 16
43 14.82 16
44 14.99 17
45 15.17 17
46 15.17 17
47 15.11 17
48 15.1 17
49 15.09 17
