0 10.21 15
1 10.47 15
2 10.69 15
3 11.21 15
4 11.37 15
5 11.65 15
6 12.39 15
7 12.35 15
8 12.51 15
9 12.87 15
10 13.24 15
11 13.46 15
12 13.63 16
13 13.9 16
14 14.03 16
15 14.29 16
16 14.44 16
17 14.5 16
18 14.57 16
19 14.53 16
20 14.59 16
21 14.79 16
22 14.77 16
23 14.72 16
24 14.67 16
25 14.75 16
26 14.82 16
27 14.87 16
28 14.9 16
29 14.91 16
30 14.9 16
31 14.96 17
32 14.83 16
33 14.73 16
34 14.79 16
35 14.84 16
36 14.9 16
37 14.92 16
38 14.84 16
39 14.97 16
40 14.96 16
41 14.97 16
42 14.95 16
43 15.12 16
44 15.21 16
45 15.28 16
46 15.35 16
47 15.31 17
48 15.35 17
49 15.47 17
