0 10.32 15
1 10.66 15
2 10.96 14
3 11.33 14
4 11.42 14
5 11.59 14
6 11.77 14
7 11.98 14
8 12.21 14
9 12.07 14
10 12.18 14
11 12.22 14
12 12.23 14
13 12.45 14
14 12.63 14
15 12.73 14
16 12.67 14
17 12.62 14
18 12.72 14
19 12.95 14
20 12.91 14
21 12.98 14
22 12.97 14
23 12.97 14
24 12.96 14
25 13.12 14
26 13.15 15
27 13.35 15
28 13.58 15
29 13.5 15
30 13.4 15
31 13.53 15
32 13.6 15
33 13.61 15
34 13.66 15
35 13.68 15
36 13.68 15
37 13.72 15
38 13.66 16
39 13.76 16
40 13.77 16
41 13.87 16
42 13.88 16
43 13.89 16
44 13.99 16
45 14.04 16
46 14.36 16
47 14.69 17
48 14.75 16
49 14.85 16
