0 10.71 15
1 11.19 15
2 11.72 15
3 11.91 14
4 12.26 14
5 12.39 14
6 12.43 14
7 12.57 14
8 12.9 14
9 13.05 15
10 13.28 14
11 13.35 14
12 13.32 14
13 13.27 14
14 13.42 14
15 13.53 14
16 13.66 15
17 13.67 15
18 13.69 15
19 13.71 15
20 13.81 15
21 13.83 15
22 13.95 15
23 14.08 15
24 14.12 15
25 14.1 15
26 14.18 15
27 14.17 15
28 14.16 15
29 14.12 15
30 14.12 15
31 14.18 15
32 14.2 15
33 14.22 15
34 14.13 15
35 14.16 15
36 14.2 15
37 14.33 15
38 14.34 16
39 14.32 15
40 14.49 15
41 14.56 16
42 14.63 16
43 14.82 16
44 14.74 15
45 14.79 15
46 14.77 16
47 14.76 15
48 14.66 15
49 14.66 15
