0 11.0 15
1 11.28 15
2 11.6 15
3 12.03 16
4 12.35 15
5 12.44 15
6 13.04 15
7 13.45 15
8 13.73 15
9 14.11 15
10 13.94 15
11 14.1 15
12 14.24 15
13 14.18 15
14 14.21 15
15 14.37 15
16 14.31 15
17 14.36 15
18 14.39 15
19 14.44 16
20 14.51 15
21 14.47 15
22 14.48 16
23 14.49 16
24 14.45 16
25 14.39 16
26 14.54 16
27 14.62 16
28 14.65 16
29 14.6 16
30 14.55 16
31 14.67 16
32 14.68 16
33 14.61 16
34 14.6 16
35 14.69 16
36 14.68 16
37 14.75 16
38 14.74 16
39 14.67 16
40 14.64 16
41 14.67 16
42 14.78 16
43 14.89 16
44 14.91 16
45 14.92 16
46 14.88 17
47 14.96 17
48 14.96 17
49 15.05 17
