0 10.95 16
1 11.4 16
2 11.78 15
3 11.94 15
4 12.29 15
5 12.75 15
6 12.91 15
7 12.74 15
8 13.03 15
9 13.23 15
10 13.64 15
11 13.96 15
12 14.09 16
13 14.29 16
14 14.23 16
15 14.3 16
16 14.17 16
17 14.2 16
18 14.45 16
19 14.47 16
20 14.31 16
21 14.43 16
22 14.51 16
23 14.53 16
24 14.63 16
25 14.69 16
26 14.65 16
27 14.6 16
28 14.74 16
29 14.63 16
30 14.7 16
31 14.84 16
32 14.89 16
33 14.94 17
34 14.94 17
35 15.05 17
36 15.06 18
37 15.26 18
38 15.32 18
39 15.35 18
40 15.4 18
41 15.53 18
42 15.57 18
43 15.56 18
44 15.42 18
45 15.44 18
46 15.53 18
47 15.66 18
48 15.7 18
49 15.65 18
