0 10.3 16
1 10.48 16
2 10.83 17
3 11.22 17
4 11.5 17
5 11.77 17
6 12.23 18
7 12.85 18
8 13.47 18
9 13.95 18
10 14.42 18
11 14.6 18
12 14.77 19
13 14.5 19
14 14.86 19
15 14.8 19
16 15.0 19
17 15.46 19
18 15.79 19
19 15.97 18
20 16.26 18
21 16.36 18
22 16.5 18
23 16.42 18
24 16.53 18
25 16.75 19
26 16.71 19
27 16.75 19
28 16.83 18
29 16.88 19
30 16.99 19
31 16.94 19
32 17.01 18
33 17.13 18
34 17.2 18
35 17.21 19
36 17.14 19
37 17.28 19
38 17.33 19
39 17.29 19
40 17.33 19
41 17.24 19
42 17.15 19
43 17.13 18
44 17.19 18
45 17.07 18
46 17.07 18
47 17.06 18
48 16.9 18
49 16.92 18
