0 10.47 16
1 10.79 16
2 11.85 16
3 12.34 16
4 12.71 16
5 13.41 16
6 13.62 16
7 14.19 16
8 14.43 16
9 14.8 16
10 14.87 17
11 15.12 17
12 15.04 17
13 15.14 17
14 15.21 17
15 15.34 16
16 15.34 16
17 15.31 16
18 15.41 16
19 15.48 16
20 15.43 17
21 15.42 17
22 15.4 16
23 15.61 16
24 15.64 17
25 15.54 16
26 15.55 16
27 15.55 16
28 15.59 16
29 15.52 16
30 15.55 16
31 15.54 16
32 15.6 16
33 15.7 16
34 15.81 16
35 15.79 17
36 15.71 17
37 15.82 17
38 15.84 17
39 15.85 17
40 15.79 17
41 15.89 17
42 16.02 17
43 15.99 17
44 16.01 17
45 16.11 17
46 16.15 17
47 16.18 17
48 16.16 17
49 16.26 17
