0 10.61 15
1 11.17 15
2 11.65 15
3 12.01 15
4 12.43 15
5 12.93 15
6 12.78 15
7 13.18 15
8 13.45 15
9 13.65 15
10 13.75 15
11 13.93 15
12 14.1 16
13 13.95 15
14 14.29 16
15 14.41 16
16 14.4 16
17 14.5 16
18 14.47 16
19 14.51 16
20 14.62 16
21 14.6 16
22 14.52 16
23 14.5 16
24 14.6 16
25 14.55 17
26 14.72 17
27 14.77 16
28 14.9 16
29 14.87 16
30 14.88 16
31 14.94 16
32 14.91 16
33 14.91 16
34 14.91 16
35 15.0 16
36 15.14 16
37 15.1 16
38 15.14 16
39 15.04 16
40 14.97 16
41 15.06 16
42 15.1 16
43 15.05 16
44 15.24 16
45 15.36 16
46 15.4 16
47 15.49 16
48 15.44 16
49 15.5 17
