0 10.31 14
1 10.61 14
2 10.7 14
3 10.75 14
4 11.12 14
5 11.11 14
6 11.38 14
7 11.65 14
8 11.79 14
9 12.27 14
10 12.2 14
11 12.24 14
12 12.19 14
13 12.36 14
14 12.47 14
15 12.6 14
16 12.78 14
17 12.77 14
18 12.85 14
19 12.81 14
20 12.7 14
21 12.88 14
22 12.97 14
23 13.04 14
24 13.15 14
25 13.05 14
26 13.09 14
27 13.11 14
28 13.08 14
29 13.07 14
30 13.04 14
31 13.15 14
32 13.22 14
33 13.19 14
34 13.49 14
35 13.46 14
36 13.46 14
37 13.45 14
38 13.56 14
39 13.52 14
40 13.54 15
41 13.59 15
42 13.77 15
43 13.75 15
44 13.69 14
45 13.66 14
46 13.67 15
47 13.69 15
48 13.7 15
49 13.85 15
