0 10.58 15
1 10.85 15
2 11.54 15
3 12.0 15
4 12.31 15
5 12.66 15
6 12.82 15
7 13.13 15
8 13.19 15
9 13.49 15
10 13.56 15
11 13.83 15
12 13.92 16
13 13.84 15
14 14.04 15
15 14.2 15
16 14.29 15
17 14.13 15
18 14.4 15
19 14.46 15
20 14.59 16
21 14.71 16
22 14.7 16
23 14.81 16
24 14.87 16
25 14.89 17
26 14.82 17
27 14.9 17
28 15.05 17
29 14.94 17
30 15.01 16
31 15.11 16
32 15.13 16
33 15.19 16
34 15.16 16
35 15.13 16
36 15.08 16
37 15.16 16
38 15.17 16
39 15.25 16
40 15.21 17
41 15.27 17
42 15.3 16
43 15.23 16
44 15.19 16
45 15.19 17
46 15.22 17
47 15.26 17
48 15.36 17
49 15.36 17
