0 9.49 14
1 10.11 14
2 10.61 14
3 11.0 14
4 11.39 14
5 11.55 14
6 11.81 14
7 12.13 14
8 12.54 14
9 12.67 14
10 13.01 14
11 13.16 14
12 13.35 14
13 13.59 15
14 13.76 15
15 13.76 15
16 13.87 15
17 13.87 15
18 13.85 15
19 13.8 15
20 13.81 15
21 13.9 15
22 13.91 15
23 13.99 15
24 14.01 16
25 14.0 16
26 13.97 16
27 13.98 16
28 13.96 16
29 13.83 16
30 13.97 16
31 14.06 16
32 14.06 16
33 14.13 15
34 14.12 16
35 14.12 16
36 14.17 16
37 14.09 15
38 14.07 15
39 14.08 15
40 14.35 15
41 14.37 16
42 14.38 16
43 14.39 16
44 14.36 16
45 14.34 16
46 14.36 16
47 14.38 16
48 14.34 16
49 14.43 16
