0 10.91 16
1 11.63 15
2 11.79 16
3 12.02 16
4 12.5 17
5 13.0 17
6 13.34 17
7 13.71 18
8 13.65 18
9 13.64 18
10 13.88 18
11 14.08 18
12 14.32 18
13 14.65 18
14 15.01 18
15 15.19 19
16 15.08 19
17 15.06 19
18 15.12 18
19 15.04 19
20 15.12 19
21 15.25 19
22 15.36 19
23 15.37 18
24 15.5 19
25 15.68 19
26 15.58 19
27 15.56 19
28 15.56 18
29 15.48 18
30 15.44 18
31 15.36 18
32 15.41 18
33 15.54 18
34 15.75 18
35 15.8 19
36 15.87 18
37 16.01 18
38 16.23 19
39 16.44 19
40 16.55 19
41 16.55 19
42 16.57 19
43 16.77 19
44 16.74 19
45 16.81 19
46 16.88 19
47 16.99 19
48 17.18 19
49 17.2 19
