0 10.8 16
1 11.14 16
2 11.28 16
3 11.52 16
4 11.86 16
5 12.27 16
6 12.43 16
7 12.9 16
8 13.18 16
9 13.87 16
10 14.09 16
11 14.36 16
12 14.55 16
13 14.8 16
14 15.07 17
15 15.05 16
16 15.09 16
17 15.05 16
18 15.24 16
19 15.15 16
20 15.1 16
21 15.21 16
22 15.25 16
23 15.24 16
24 15.24 17
25 15.28 17
26 15.36 17
27 15.41 17
28 15.51 17
29 15.62 17
30 15.6 17
31 15.69 17
32 15.69 17
33 15.7 17
34 15.67 17
35 15.64 17
36 15.68 17
37 15.77 17
38 15.78 17
39 15.7 17
40 15.72 17
41 15.8 17
42 16.01 17
43 16.04 17
44 16.07 17
45 16.01 17
46 16.03 17
47 16.04 17
48 16.02 17
49 16.01 17
