0 10.57 15
1 10.91 15
2 11.58 15
3 11.59 15
4 11.82 15
5 11.84 15
6 12.08 15
7 12.29 15
8 12.55 15
9 12.55 15
10 12.77 16
11 12.98 16
12 13.05 15
13 13.02 16
14 13.26 16
15 13.34 16
16 13.35 16
17 13.16 16
18 13.5 16
19 13.77 16
20 14.09 16
21 14.43 16
22 14.64 16
23 14.57 16
24 14.61 17
25 14.6 16
26 14.68 16
27 14.84 17
28 14.95 17
29 14.98 17
30 15.22 17
31 15.44 17
32 15.68 17
33 15.88 17
34 15.8 17
35 15.8 17
36 15.87 17
37 15.86 17
38 15.97 17
39 15.89 18
40 16.03 18
41 16.04 17
42 16.16 17
43 16.2 18
44 16.32 18
45 16.27 17
46 16.25 17
47 16.27 17
48 16.16 17
49 16.09 17
