0 10.33 16
1 10.83 16
2 11.35 16
3 11.77 16
4 12.55 16
5 13.07 16
6 13.44 16
7 13.43 17
8 13.71 17
9 14.18 17
10 14.69 16
11 15.03 16
12 15.24 16
13 15.47 16
14 15.66 16
15 15.74 16
16 15.87 16
17 15.85 16
18 15.84 16
19 15.82 16
20 15.84 17
21 15.82 16
22 15.85 16
23 15.85 17
24 15.85 17
25 15.89 17
26 15.86 17
27 15.9 17
28 15.86 17
29 15.92 17
30 15.97 17
31 16.01 17
32 15.95 17
33 15.97 17
34 15.88 17
35 15.97 17
36 15.98 17
37 15.95 17
38 16.03 17
39 15.97 17
40 15.98 17
41 16.0 17
42 16.03 17
43 16.11 17
44 16.24 17
45 16.26 17
46 16.19 17
47 16.14 17
48 16.17 17
49 16.26 17
