0 10.38 15
1 10.32 15
2 10.91 14
3 10.99 14
4 11.01 14
5 11.42 14
6 11.99 14
7 12.08 14
8 12.56 15
9 12.94 15
10 13.26 15
11 13.3 15
12 13.22 15
13 13.5 15
14 13.58 15
15 13.46 15
16 13.56 15
17 13.59 15
18 13.65 15
19 13.71 15
20 13.6 15
21 13.67 15
22 13.71 15
23 13.68 15
24 13.61 15
25 13.71 15
26 13.81 15
27 13.95 15
28 14.08 15
29 14.12 15
30 14.12 15
31 14.1 15
32 14.11 15
33 14.16 15
34 14.12 15
35 14.21 16
36 14.24 16
37 14.32 16
38 14.38 16
39 14.47 16
40 14.57 16
41 14.41 16
42 14.33 17
43 14.36 17
44 14.42 17
45 14.49 15
46 14.43 15
47 14.53 15
48 14.45 16
49 14.36 16
