0 10.29 15
1 11.02 15
2 11.19 15
3 11.53 15
4 12.21 15
5 12.43 15
6 12.64 15
7 12.83 16
8 13.2 16
9 13.49 16
10 13.91 16
11 13.97 16
12 14.34 16
13 14.5 16
14 14.77 16
15 14.82 15
16 14.92 16
17 14.96 16
18 15.01 16
19 14.98 16
20 14.98 16
21 15.06 17
22 15.03 16
23 14.99 16
24 15.02 16
25 14.96 16
26 15.01 16
27 14.96 16
28 14.93 16
29 14.93 16
30 14.99 16
31 14.88 16
32 14.88 16
33 14.92 16
34 14.93 16
35 15.0 17
36 15.02 16
37 15.17 16
38 15.14 16
39 15.12 16
40 15.16 16
41 15.15 16
42 15.24 16
43 15.34 16
44 15.18 16
45 15.19 16
46 15.23 16
47 15.18 16
48 15.24 16
49 15.23 16
